[gd_scene load_steps=12 format=3 uid="uid://v4grtipktv4t"]

[ext_resource type="Environment" uid="uid://48habvlwjl0k" path="res://env.tres" id="1_axcsu"]
[ext_resource type="Texture2D" uid="uid://c8arnlq67qi7" path="res://assests/textures/grids/Dark/texture_05.png" id="1_vvie1"]
[ext_resource type="Texture2D" uid="uid://b58xv1joypxo5" path="res://assests/textures/grids/Orange/texture_09.png" id="2_elhkh"]
[ext_resource type="Texture2D" uid="uid://cm5m7nr7dugjd" path="res://assests/textures/grids/Purple/texture_09.png" id="3_fomk0"]
[ext_resource type="Texture2D" uid="uid://djg8y25y06h5n" path="res://assests/textures/grids/Green/texture_09.png" id="4_rq7rf"]
[ext_resource type="PackedScene" uid="uid://dnlj8ysr23c6b" path="res://scenes/Player.tscn" id="5_lbcqo"]
[ext_resource type="Material" uid="uid://ds1j28u417n1v" path="res://arch_grid.tres" id="7_422tr"]

[sub_resource type="StandardMaterial3D" id="StandardMaterial3D_48xpd"]
albedo_texture = ExtResource("1_vvie1")
uv1_triplanar = true

[sub_resource type="StandardMaterial3D" id="StandardMaterial3D_nmihp"]
albedo_texture = ExtResource("2_elhkh")

[sub_resource type="StandardMaterial3D" id="StandardMaterial3D_28q8w"]
albedo_texture = ExtResource("3_fomk0")
uv1_triplanar = true

[sub_resource type="StandardMaterial3D" id="StandardMaterial3D_up68w"]
albedo_texture = ExtResource("4_rq7rf")
uv1_triplanar = true

[node name="World" type="Node3D"]

[node name="DirectionalLight3D" type="DirectionalLight3D" parent="."]
transform = Transform3D(-0.866025, -0.433013, 0.25, 0, 0.5, 0.866025, -0.5, 0.75, -0.433013, 0, 0, 0)
shadow_enabled = true

[node name="WorldEnvironment" type="WorldEnvironment" parent="."]
environment = ExtResource("1_axcsu")

[node name="Map" type="Node3D" parent="."]

[node name="Floor" type="CSGBox3D" parent="Map"]
transform = Transform3D(1, 0, 0, 0, 1, 0, 0, 0, 1, 0, -0.5, 0)
material_override = SubResource("StandardMaterial3D_48xpd")
use_collision = true
size = Vector3(1000, 1, 1000)

[node name="box" type="CSGBox3D" parent="Map"]
transform = Transform3D(0.614065, 0, -0.789256, 0, 1, 0, 0.789256, 0, 0.614065, 1.7327, 0.5, 3.36377)
material_override = SubResource("StandardMaterial3D_nmihp")
use_collision = true

[node name="box5" type="CSGBox3D" parent="Map"]
transform = Transform3D(0.614065, 0, -0.789256, 0, 1, 0, 0.789256, 0, 0.614065, -4.07564, 1.79584, -20.3653)
material_override = SubResource("StandardMaterial3D_nmihp")
gi_mode = 2
use_collision = true
size = Vector3(5, 1, 9.07764)

[node name="box4" type="CSGBox3D" parent="Map"]
transform = Transform3D(0.614065, 0, -0.789256, 0, 1, 0, 0.789256, 0, 0.614065, -0.428798, 1.84537, -10.4783)
material_override = SubResource("StandardMaterial3D_nmihp")
use_collision = true

[node name="box2" type="CSGBox3D" parent="Map"]
transform = Transform3D(0.614065, 0, -0.789256, 0, 1, 0, 0.789256, 0, 0.614065, -4.5919, 1, 3.22996)
material_override = SubResource("StandardMaterial3D_28q8w")
use_collision = true
size = Vector3(2, 2, 2)

[node name="box3" type="CSGBox3D" parent="Map"]
transform = Transform3D(-0.248994, 0, 0.968505, 0, 1, 0, -0.968505, 0, -0.248994, -4.10497, 1.5, -6.87083)
material_override = SubResource("StandardMaterial3D_up68w")
use_collision = true
size = Vector3(3, 3, 3)

[node name="Player" parent="." instance=ExtResource("5_lbcqo")]

[node name="CSGCombiner3D" type="CSGCombiner3D" parent="."]
material_override = ExtResource("7_422tr")
use_collision = true

[node name="CSGBox3D" type="CSGBox3D" parent="CSGCombiner3D"]
transform = Transform3D(1, 0, 0, 0, 1, 0, 0, 0, 1, 5.17142, 2.54317, -3.39702)
size = Vector3(5, 5, 5)

[node name="CSGBox3D2" type="CSGBox3D" parent="CSGCombiner3D"]
transform = Transform3D(1, 0, 0, 0, 1, 0, 0, 0, 1, 5.17142, 1.54317, -3.39702)
operation = 2
size = Vector3(3, 3, 5)

[node name="CSGCylinder3D" type="CSGCylinder3D" parent="CSGCombiner3D"]
transform = Transform3D(1.54, 0, 0, 0, -6.73155e-08, -1.54, 0, 1.54, -6.73155e-08, 5.177, 2.7041, -3.423)
operation = 2
radius = 1.0
height = 5.0
sides = 32
