[gd_scene load_steps=11 format=3 uid="uid://b6f8fjhlvia1u"]

[ext_resource type="Script" uid="uid://dj5te51km5h0f" path="res://scripts/World.gd" id="1_geflf"]
[ext_resource type="Environment" uid="uid://48habvlwjl0k" path="res://resources/level_envs/env.tres" id="2_fkd6t"]
[ext_resource type="Texture2D" uid="uid://c8arnlq67qi7" path="res://assests/textures/grids/Dark/texture_05.png" id="3_keln3"]
[ext_resource type="PackedScene" uid="uid://bi8cvwjgsp55f" path="res://scenes/levels/goal.tscn" id="4_crctu"]
[ext_resource type="PackedScene" uid="uid://bxrq8de6yw7p8" path="res://scenes/UI/main_menu_ui.tscn" id="5_fkd6t"]
[ext_resource type="PackedScene" uid="uid://cf42e2xkqcbew" path="res://scenes/enemies/spot_light.tscn" id="6_crctu"]
[ext_resource type="PackedScene" uid="uid://cha44rxlktbnn" path="res://scenes/UI/level_select_menu.tscn" id="6_sn5u3"]
[ext_resource type="PackedScene" uid="uid://oap43kpecvwf" path="res://scenes/enemies/enemy.tscn" id="7_sn5u3"]

[sub_resource type="NavigationMesh" id="NavigationMesh_crctu"]
vertices = PackedVector3Array(-6.65986, 0.5, -16.0986, -6.65986, 0.5, 1.90135, 9.59015, 0.5, 1.90135, 9.59015, 0.5, -16.0986)
polygons = [PackedInt32Array(3, 2, 0), PackedInt32Array(0, 2, 1)]

[sub_resource type="StandardMaterial3D" id="StandardMaterial3D_uvnin"]
albedo_texture = ExtResource("3_keln3")
uv1_triplanar = true

[node name="Main Menu" type="Node3D"]
script = ExtResource("1_geflf")
day_time = 9.0
moon_orbital_inclination = 29.13
moon_orbital_period = 113.29
time_scale = 0.8

[node name="WorldEnvironment" type="WorldEnvironment" parent="."]
environment = ExtResource("2_fkd6t")

[node name="Sun" type="DirectionalLight3D" parent="."]
transform = Transform3D(0.827116, 0, -0.562031, 0.289131, -0.857527, 0.425501, -0.481957, -0.51444, -0.709274, 0, 0, 0)
rotation_order = 4
light_energy = 0.6
shadow_enabled = true

[node name="Moon" type="DirectionalLight3D" parent="."]
transform = Transform3D(-0.416929, 0, -0.908939, -0.614509, 0.736835, 0.281875, 0.669738, 0.676073, -0.307208, 0, 0, 0)
rotation_order = 4
light_energy = 0.0
shadow_enabled = true

[node name="NavigationRegion3D" type="NavigationRegion3D" parent="."]
navigation_mesh = SubResource("NavigationMesh_crctu")

[node name="Map" type="Node3D" parent="NavigationRegion3D"]

[node name="Floor" type="CSGBox3D" parent="NavigationRegion3D/Map"]
transform = Transform3D(1, 0, 0, 0, 1, 0, 0, 0, 1, 1.45075, -0.5, -7.03721)
material_override = SubResource("StandardMaterial3D_uvnin")
use_collision = true
size = Vector3(17.2212, 1, 19.1229)

[node name="Goal" parent="." instance=ExtResource("4_crctu")]
transform = Transform3D(0.770702, 0, -0.637195, 0, 1, 0, 0.637195, 0, 0.770702, 2.18508, 1, -0.164924)

[node name="Camera3D" type="Camera3D" parent="."]
transform = Transform3D(0.897335, 0, 0.441349, 0, 1, 0, -0.441349, 0, 0.897335, 1.65065, 1.23432, 2.22827)

[node name="CanvasLayer" type="CanvasLayer" parent="."]

[node name="main_menu_ui" parent="CanvasLayer" instance=ExtResource("5_fkd6t")]

[node name="level_select_menu" parent="CanvasLayer" instance=ExtResource("6_sn5u3")]
visible = false

[node name="SpotLight" parent="." instance=ExtResource("6_crctu")]
transform = Transform3D(-4.37114e-08, 0, -1, 0, 1, 0, 1, 0, -4.37114e-08, -6.65626, 0, -6.82254)

[node name="Enemy" parent="." instance=ExtResource("7_sn5u3")]
transform = Transform3D(-1, 0, -8.74228e-08, 0, 1, 0, 8.74228e-08, 0, -1, -4.98916, 0, -10.673)
patrol_idle_timer_count = 5.0
enemeyDestinations = Array[Vector3]([Vector3(-4.98916, 0, -10.673), Vector3(-4.98916, 0, -2.10806), Vector3(0.385444, 0, -2.10806), Vector3(0.38, 0, -10)])
use_random_patrol_path = false
